InValid
978-0-557-19145-1	metallurgy	wishbone|hospice|demark|scat	159.79	0
978-1-5337-9534-2	Fraser	lingerie|Jura|foundation|pee	249.21	0
InValid
InValid
InValid
978-0-557-19145-1	metallurgy	wishbone|hospice|demark|scat	159.79	0
978-1-5337-9534-2	Fraser	lingerie|Jura|foundation|pee	249.21	0
978-0-557-19145-1	metallurgy	wishbone|hospice|demark|scat	159.79	0
978-1-5337-9534-2	Fraser	lingerie|Jura|foundation|pee	249.21	0
978-0-557-19145-1	metallurgy	wishbone|hospice|demark|scat	159.79	0
978-1-5337-9534-2	Fraser	lingerie|Jura|foundation|pee	249.21	0
InValid
978-0-557-19145-1	metallurgy	wishbone|hospice|demark|scat	159.79	0
978-1-5337-9534-2	Fraser	lingerie|Jura|foundation|pee	249.21	0
InValid
InValid
978-0-557-19145-1	metallurgy	wishbone|hospice|demark|scat	159.79	0
InValid
InValid
978-0-557-19145-1	metallurgy	wishbone|hospice|demark|scat	159.79	0
978-1-5337-9534-2	Fraser	lingerie|Jura|foundation|pee	249.21	0
InValid
InValid
978-1-5337-9534-2	Fraser	lingerie|Jura|foundation|pee	249.21	0
InValid
InValid
InValid
InValid
InValid
978-0-557-19145-1	metallurgy	wishbone|hospice|demark|scat	159.79	0
InValid
978-1-5337-9534-2	Fraser	lingerie|Jura|foundation|pee	249.21	0
InValid
InValid
InValid
978-0-557-19145-1	metallurgy	wishbone|hospice|demark|scat	159.79	0
InValid
InValid
InValid
InValid
InValid
InValid
InValid
InValid
InValid
InValid
InValid
978-1-5337-9534-2	Fraser	lingerie|Jura|foundation|pee	249.21	0
InValid
InValid
InValid
978-0-557-19145-1	metallurgy	wishbone|hospice|demark|scat	159.79	0
978-1-5337-9534-2	Fraser	lingerie|Jura|foundation|pee	249.21	0
InValid
InValid
InValid
978-0-557-19145-1	metallurgy	wishbone|hospice|demark|scat	159.79	0
978-1-5337-9534-2	Fraser	lingerie|Jura|foundation|pee	249.21	0
InValid
InValid
InValid
InValid
978-0-557-19145-1	metallurgy	wishbone|hospice|demark|scat	159.79	0
InValid
InValid
InValid
InValid
978-0-557-19145-1	metallurgy	wishbone|hospice|demark|scat	159.79	0
978-0-557-19145-1	metallurgy	wishbone|hospice|demark|scat	159.79	0
978-1-5337-9534-2	Fraser	lingerie|Jura|foundation|pee	249.21	0
InValid
978-1-5337-9534-2	Fraser	lingerie|Jura|foundation|pee	249.21	0
InValid
InValid
InValid
InValid
InValid
InValid
InValid
InValid
InValid
InValid
InValid
978-0-557-19145-1	metallurgy	wishbone|hospice|demark|scat	159.79	0
InValid
InValid
978-0-557-19145-1	metallurgy	wishbone|hospice|demark|scat	159.79	0
978-0-557-19145-1	metallurgy	wishbone|hospice|demark|scat	159.79	0
InValid
InValid
InValid
978-0-557-19145-1	metallurgy	wishbone|hospice|demark|scat	159.79	0
InValid
InValid
978-0-557-19145-1	metallurgy	wishbone|hospice|demark|scat	159.79	0
InValid
InValid
InValid
978-1-5337-9534-2	Fraser	lingerie|Jura|foundation|pee	249.21	0
InValid
InValid
InValid
InValid
InValid
InValid
InValid
978-1-5337-9534-2	Fraser	lingerie|Jura|foundation|pee	249.21	0
InValid
978-0-557-19145-1	metallurgy	wishbone|hospice|demark|scat	159.79	0
InValid
InValid
978-1-5337-9534-2	Fraser	lingerie|Jura|foundation|pee	249.21	0
InValid
978-1-5337-9534-2	Fraser	lingerie|Jura|foundation|pee	249.21	0
978-0-557-19145-1	metallurgy	wishbone|hospice|demark|scat	159.79	0
978-0-557-19145-1	metallurgy	wishbone|hospice|demark|scat	159.79	0
978-1-5337-9534-2	Fraser	lingerie|Jura|foundation|pee	249.21	0
978-1-5337-9534-2	Fraser	lingerie|Jura|foundation|pee	249.21	0
InValid
InValid
InValid
978-0-557-19145-1	metallurgy	wishbone|hospice|demark|scat	159.79	0
InValid
InValid
InValid
InValid
978-1-5337-9534-2	Fraser	lingerie|Jura|foundation|pee	249.21	0
978-1-5337-9534-2	Fraser	lingerie|Jura|foundation|pee	249.21	0
InValid
InValid
InValid
978-0-557-19145-1	metallurgy	wishbone|hospice|demark|scat	159.79	0
InValid
InValid
InValid
InValid
InValid
978-1-5337-9534-2	Fraser	lingerie|Jura|foundation|pee	249.21	0
978-0-557-19145-1	metallurgy	wishbone|hospice|demark|scat	159.79	0
InValid
InValid
InValid
978-1-5337-9534-2	Fraser	lingerie|Jura|foundation|pee	249.21	0
978-0-557-19145-1	metallurgy	wishbone|hospice|demark|scat	159.79	0
978-1-5337-9534-2	Fraser	lingerie|Jura|foundation|pee	249.21	0
InValid
978-1-5337-9534-2	Fraser	lingerie|Jura|foundation|pee	249.21	0
InValid
978-1-5337-9534-2	Fraser	lingerie|Jura|foundation|pee	249.21	0
978-1-5337-9534-2	Fraser	lingerie|Jura|foundation|pee	249.21	0
InValid
978-1-5337-9534-2	Fraser	lingerie|Jura|foundation|pee	249.21	0
InValid
978-1-5337-9534-2	Fraser	lingerie|Jura|foundation|pee	249.21	0
InValid
978-0-557-19145-1	metallurgy	wishbone|hospice|demark|scat	159.79	0
InValid
InValid
InValid
InValid
InValid
InValid
978-0-557-19145-1	metallurgy	wishbone|hospice|demark|scat	159.79	0
978-1-5337-9534-2	Fraser	lingerie|Jura|foundation|pee	249.21	0
InValid
InValid
InValid
InValid
InValid
InValid
InValid
InValid
InValid
InValid
InValid
978-0-557-19145-1	metallurgy	wishbone|hospice|demark|scat	159.79	0
InValid
978-1-5337-9534-2	Fraser	lingerie|Jura|foundation|pee	249.21	0
InValid
978-1-5337-9534-2	Fraser	lingerie|Jura|foundation|pee	249.21	0
978-0-557-19145-1	metallurgy	wishbone|hospice|demark|scat	159.79	0
InValid
978-0-557-19145-1	metallurgy	wishbone|hospice|demark|scat	159.79	0
978-1-5337-9534-2	Fraser	lingerie|Jura|foundation|pee	249.21	0
978-0-557-19145-1	metallurgy	wishbone|hospice|demark|scat	159.79	0
InValid
978-0-557-19145-1	metallurgy	wishbone|hospice|demark|scat	159.79	0
InValid
InValid
InValid
InValid
InValid
978-0-557-19145-1	metallurgy	wishbone|hospice|demark|scat	159.79	0
InValid
InValid
978-0-557-19145-1	metallurgy	wishbone|hospice|demark|scat	159.79	0
InValid
InValid
InValid
978-0-557-19145-1	metallurgy	wishbone|hospice|demark|scat	159.79	0
978-1-5337-9534-2	Fraser	lingerie|Jura|foundation|pee	249.21	0
InValid
978-0-557-19145-1	metallurgy	wishbone|hospice|demark|scat	159.79	0
978-0-557-19145-1	metallurgy	wishbone|hospice|demark|scat	159.79	0
978-1-5337-9534-2	Fraser	lingerie|Jura|foundation|pee	249.21	0
InValid
InValid
InValid
InValid
InValid
InValid
InValid
InValid
978-0-557-19145-1	metallurgy	wishbone|hospice|demark|scat	159.79	0
978-1-5337-9534-2	Fraser	lingerie|Jura|foundation|pee	249.21	0
978-1-5337-9534-2	Fraser	lingerie|Jura|foundation|pee	249.21	0
InValid
InValid
InValid
978-0-557-19145-1	metallurgy	wishbone|hospice|demark|scat	159.79	0
978-1-5337-9534-2	Fraser	lingerie|Jura|foundation|pee	249.21	0
InValid
978-0-557-19145-1	metallurgy	wishbone|hospice|demark|scat	159.79	0
978-1-5337-9534-2	Fraser	lingerie|Jura|foundation|pee	249.21	0
InValid
InValid
978-1-5337-9534-2	Fraser	lingerie|Jura|foundation|pee	249.21	0
InValid
InValid
978-0-557-19145-1	metallurgy	wishbone|hospice|demark|scat	159.79	0
978-1-5337-9534-2	Fraser	lingerie|Jura|foundation|pee	249.21	0
InValid
InValid
InValid
InValid
978-0-557-19145-1	metallurgy	wishbone|hospice|demark|scat	159.79	0
978-0-557-19145-1	metallurgy	wishbone|hospice|demark|scat	159.79	0
978-1-5337-9534-2	Fraser	lingerie|Jura|foundation|pee	249.21	0
InValid
InValid
978-1-5337-9534-2	Fraser	lingerie|Jura|foundation|pee	249.21	0
InValid
978-0-557-19145-1	metallurgy	wishbone|hospice|demark|scat	159.79	0
InValid
InValid
InValid
978-0-557-19145-1	metallurgy	wishbone|hospice|demark|scat	159.79	0
978-0-557-19145-1	metallurgy	wishbone|hospice|demark|scat	159.79	0
978-1-5337-9534-2	Fraser	lingerie|Jura|foundation|pee	249.21	0
InValid
978-1-5337-9534-2	Fraser	lingerie|Jura|foundation|pee	249.21	0
978-0-557-19145-1	metallurgy	wishbone|hospice|demark|scat	159.79	0
978-1-5337-9534-2	Fraser	lingerie|Jura|foundation|pee	249.21	0
978-1-5337-9534-2	Fraser	lingerie|Jura|foundation|pee	249.21	0
InValid
InValid
InValid
InValid
978-0-557-19145-1	metallurgy	wishbone|hospice|demark|scat	159.79	0
InValid
InValid
InValid
InValid
InValid
978-1-5337-9534-2	Fraser	lingerie|Jura|foundation|pee	249.21	0
InValid
InValid
978-1-5337-9534-2	Fraser	lingerie|Jura|foundation|pee	249.21	0
InValid
InValid
InValid
InValid
978-0-557-19145-1	metallurgy	wishbone|hospice|demark|scat	159.79	0
InValid
978-1-5337-9534-2	Fraser	lingerie|Jura|foundation|pee	249.21	0
InValid
978-1-5337-9534-2	Fraser	lingerie|Jura|foundation|pee	249.21	0
InValid
978-1-5337-9534-2	Fraser	lingerie|Jura|foundation|pee	249.21	0
InValid
978-0-557-19145-1	metallurgy	wishbone|hospice|demark|scat	159.79	0
InValid
InValid
978-0-557-19145-1	metallurgy	wishbone|hospice|demark|scat	159.79	0
978-1-5337-9534-2	Fraser	lingerie|Jura|foundation|pee	249.21	0
InValid
InValid
InValid
InValid
InValid
978-1-5337-9534-2	Fraser	lingerie|Jura|foundation|pee	249.21	0
InValid
InValid
InValid
InValid
978-0-557-19145-1	metallurgy	wishbone|hospice|demark|scat	159.79	0
InValid
978-1-5337-9534-2	Fraser	lingerie|Jura|foundation|pee	249.21	0
InValid
978-0-557-19145-1	metallurgy	wishbone|hospice|demark|scat	159.79	0
InValid
InValid
InValid
978-1-5337-9534-2	Fraser	lingerie|Jura|foundation|pee	249.21	0
978-0-557-19145-1	metallurgy	wishbone|hospice|demark|scat	159.79	0
978-1-5337-9534-2	Fraser	lingerie|Jura|foundation|pee	249.21	0
InValid
978-1-5337-9534-2	Fraser	lingerie|Jura|foundation|pee	249.21	0
InValid
978-0-557-19145-1	metallurgy	wishbone|hospice|demark|scat	159.79	0
InValid
InValid
InValid
InValid
InValid
InValid
InValid
978-0-557-19145-1	metallurgy	wishbone|hospice|demark|scat	159.79	0
978-1-5337-9534-2	Fraser	lingerie|Jura|foundation|pee	249.21	0
978-0-557-19145-1	metallurgy	wishbone|hospice|demark|scat	159.79	0
978-1-5337-9534-2	Fraser	lingerie|Jura|foundation|pee	249.21	0
978-0-557-19145-1	metallurgy	wishbone|hospice|demark|scat	159.79	0
978-0-557-19145-1	metallurgy	wishbone|hospice|demark|scat	159.79	0
InValid
978-0-557-19145-1	metallurgy	wishbone|hospice|demark|scat	159.79	0
InValid
InValid
978-1-5337-9534-2	Fraser	lingerie|Jura|foundation|pee	249.21	0
InValid
InValid
978-0-557-19145-1	metallurgy	wishbone|hospice|demark|scat	159.79	0
InValid
InValid
InValid
978-0-557-19145-1	metallurgy	wishbone|hospice|demark|scat	159.79	0
InValid
InValid
InValid
InValid
InValid
InValid
978-1-5337-9534-2	Fraser	lingerie|Jura|foundation|pee	249.21	0
InValid
InValid
InValid
InValid
InValid
978-0-557-19145-1	metallurgy	wishbone|hospice|demark|scat	159.79	0
978-1-5337-9534-2	Fraser	lingerie|Jura|foundation|pee	249.21	0
978-0-557-19145-1	metallurgy	wishbone|hospice|demark|scat	159.79	0
978-0-557-19145-1	metallurgy	wishbone|hospice|demark|scat	159.79	0
978-0-557-19145-1	metallurgy	wishbone|hospice|demark|scat	159.79	0
978-1-5337-9534-2	Fraser	lingerie|Jura|foundation|pee	249.21	0
InValid
978-1-5337-9534-2	Fraser	lingerie|Jura|foundation|pee	249.21	0
978-1-5337-9534-2	Fraser	lingerie|Jura|foundation|pee	249.21	0
InValid
InValid
InValid
InValid
InValid
InValid
InValid
978-0-557-19145-1	metallurgy	wishbone|hospice|demark|scat	159.79	0
978-0-557-19145-1	metallurgy	wishbone|hospice|demark|scat	159.79	0
978-1-5337-9534-2	Fraser	lingerie|Jura|foundation|pee	249.21	0
978-0-557-19145-1	metallurgy	wishbone|hospice|demark|scat	159.79	0
978-1-5337-9534-2	Fraser	lingerie|Jura|foundation|pee	249.21	0
InValid
InValid
978-1-5337-9534-2	Fraser	lingerie|Jura|foundation|pee	249.21	0
InValid
978-0-557-19145-1	metallurgy	wishbone|hospice|demark|scat	159.79	0
978-1-5337-9534-2	Fraser	lingerie|Jura|foundation|pee	249.21	0
978-1-5337-9534-2	Fraser	lingerie|Jura|foundation|pee	249.21	0
978-1-5337-9534-2	Fraser	lingerie|Jura|foundation|pee	249.21	0
InValid
InValid
InValid
InValid
978-0-557-19145-1	metallurgy	wishbone|hospice|demark|scat	159.79	0
InValid
InValid
InValid
InValid
InValid
InValid
InValid
InValid
978-0-557-19145-1	metallurgy	wishbone|hospice|demark|scat	159.79	0
978-0-557-19145-1	metallurgy	wishbone|hospice|demark|scat	159.79	0
InValid
InValid
InValid
978-1-5337-9534-2	Fraser	lingerie|Jura|foundation|pee	249.21	0
InValid
InValid
978-1-5337-9534-2	Fraser	lingerie|Jura|foundation|pee	249.21	0
978-1-5337-9534-2	Fraser	lingerie|Jura|foundation|pee	249.21	0
978-0-557-19145-1	metallurgy	wishbone|hospice|demark|scat	159.79	0
InValid
InValid
InValid
InValid
InValid
InValid
InValid
978-0-557-19145-1	metallurgy	wishbone|hospice|demark|scat	159.79	0
978-1-5337-9534-2	Fraser	lingerie|Jura|foundation|pee	249.21	0
InValid
978-0-557-19145-1	metallurgy	wishbone|hospice|demark|scat	159.79	0
InValid
InValid
978-1-5337-9534-2	Fraser	lingerie|Jura|foundation|pee	249.21	0
978-0-557-19145-1	metallurgy	wishbone|hospice|demark|scat	159.79	0
978-0-557-19145-1	metallurgy	wishbone|hospice|demark|scat	159.79	0
978-1-5337-9534-2	Fraser	lingerie|Jura|foundation|pee	249.21	0
InValid
InValid
978-0-557-19145-1	metallurgy	wishbone|hospice|demark|scat	159.79	0
InValid
InValid
InValid
InValid
InValid
InValid
InValid
InValid
978-1-5337-9534-2	Fraser	lingerie|Jura|foundation|pee	249.21	0
InValid
InValid
InValid
978-1-5337-9534-2	Fraser	lingerie|Jura|foundation|pee	249.21	0
InValid
InValid
978-1-5337-9534-2	Fraser	lingerie|Jura|foundation|pee	249.21	0
InValid
InValid
978-0-557-19145-1	metallurgy	wishbone|hospice|demark|scat	159.79	0
978-1-5337-9534-2	Fraser	lingerie|Jura|foundation|pee	249.21	0
978-0-557-19145-1	metallurgy	wishbone|hospice|demark|scat	159.79	0
978-0-557-19145-1	metallurgy	wishbone|hospice|demark|scat	159.79	0
InValid
InValid
978-1-5337-9534-2	Fraser	lingerie|Jura|foundation|pee	249.21	0
InValid
InValid
978-0-557-19145-1	metallurgy	wishbone|hospice|demark|scat	159.79	0
InValid
978-0-557-19145-1	metallurgy	wishbone|hospice|demark|scat	159.79	0
InValid
InValid
InValid
InValid
978-0-557-19145-1	metallurgy	wishbone|hospice|demark|scat	159.79	0
978-1-5337-9534-2	Fraser	lingerie|Jura|foundation|pee	249.21	0
InValid
978-1-5337-9534-2	Fraser	lingerie|Jura|foundation|pee	249.21	0
InValid
978-0-557-19145-1	metallurgy	wishbone|hospice|demark|scat	159.79	0
978-0-557-19145-1	metallurgy	wishbone|hospice|demark|scat	159.79	0
978-1-5337-9534-2	Fraser	lingerie|Jura|foundation|pee	249.21	0
InValid
InValid
InValid
InValid
978-0-557-19145-1	metallurgy	wishbone|hospice|demark|scat	159.79	0
InValid
InValid
978-1-5337-9534-2	Fraser	lingerie|Jura|foundation|pee	249.21	0
978-1-5337-9534-2	Fraser	lingerie|Jura|foundation|pee	249.21	0
978-1-5337-9534-2	Fraser	lingerie|Jura|foundation|pee	249.21	0
978-1-5337-9534-2	Fraser	lingerie|Jura|foundation|pee	249.21	0
InValid
978-0-557-19145-1	metallurgy	wishbone|hospice|demark|scat	159.79	0
978-1-5337-9534-2	Fraser	lingerie|Jura|foundation|pee	249.21	0
978-1-5337-9534-2	Fraser	lingerie|Jura|foundation|pee	249.21	0
InValid
InValid
InValid
InValid
978-0-557-19145-1	metallurgy	wishbone|hospice|demark|scat	159.79	0
InValid
InValid
978-1-5337-9534-2	Fraser	lingerie|Jura|foundation|pee	249.21	0
978-0-557-19145-1	metallurgy	wishbone|hospice|demark|scat	159.79	0
InValid
InValid
InValid
978-1-5337-9534-2	Fraser	lingerie|Jura|foundation|pee	249.21	0
InValid
978-1-5337-9534-2	Fraser	lingerie|Jura|foundation|pee	249.21	0
InValid
978-1-5337-9534-2	Fraser	lingerie|Jura|foundation|pee	249.21	0
InValid
InValid
978-1-5337-9534-2	Fraser	lingerie|Jura|foundation|pee	249.21	0
978-0-557-19145-1	metallurgy	wishbone|hospice|demark|scat	159.79	0
InValid
InValid
InValid
978-0-557-19145-1	metallurgy	wishbone|hospice|demark|scat	159.79	0
978-0-557-19145-1	metallurgy	wishbone|hospice|demark|scat	159.79	0
978-1-5337-9534-2	Fraser	lingerie|Jura|foundation|pee	249.21	0
978-1-5337-9534-2	Fraser	lingerie|Jura|foundation|pee	249.21	0
InValid
InValid
InValid
InValid
InValid
InValid
978-1-5337-9534-2	Fraser	lingerie|Jura|foundation|pee	249.21	0
InValid
978-1-5337-9534-2	Fraser	lingerie|Jura|foundation|pee	249.21	0
InValid
978-0-557-19145-1	metallurgy	wishbone|hospice|demark|scat	159.79	0
InValid
InValid
978-1-5337-9534-2	Fraser	lingerie|Jura|foundation|pee	249.21	0
978-1-5337-9534-2	Fraser	lingerie|Jura|foundation|pee	249.21	0
InValid
978-1-5337-9534-2	Fraser	lingerie|Jura|foundation|pee	249.21	0
InValid
978-0-557-19145-1	metallurgy	wishbone|hospice|demark|scat	159.79	0
InValid
InValid
InValid
InValid
InValid
InValid
InValid
InValid
978-1-5337-9534-2	Fraser	lingerie|Jura|foundation|pee	249.21	0
InValid
InValid
InValid
InValid
InValid
978-0-557-19145-1	metallurgy	wishbone|hospice|demark|scat	159.79	0
InValid
InValid
InValid
InValid
InValid
InValid
InValid
InValid
978-1-5337-9534-2	Fraser	lingerie|Jura|foundation|pee	249.21	0
978-0-557-19145-1	metallurgy	wishbone|hospice|demark|scat	159.79	0
978-1-5337-9534-2	Fraser	lingerie|Jura|foundation|pee	249.21	0
InValid
InValid
978-1-5337-9534-2	Fraser	lingerie|Jura|foundation|pee	249.21	0
InValid
InValid
978-1-5337-9534-2	Fraser	lingerie|Jura|foundation|pee	249.21	0
InValid
InValid
InValid
978-0-557-19145-1	metallurgy	wishbone|hospice|demark|scat	159.79	0
978-1-5337-9534-2	Fraser	lingerie|Jura|foundation|pee	249.21	0
InValid
InValid
InValid
InValid
978-0-557-19145-1	metallurgy	wishbone|hospice|demark|scat	159.79	0
978-0-557-19145-1	metallurgy	wishbone|hospice|demark|scat	159.79	0
978-0-557-19145-1	metallurgy	wishbone|hospice|demark|scat	159.79	0
978-1-5337-9534-2	Fraser	lingerie|Jura|foundation|pee	249.21	0
978-0-557-19145-1	metallurgy	wishbone|hospice|demark|scat	159.79	0
978-1-5337-9534-2	Fraser	lingerie|Jura|foundation|pee	249.21	0
InValid
InValid
978-0-557-19145-1	metallurgy	wishbone|hospice|demark|scat	159.79	0
InValid
InValid
978-0-557-19145-1	metallurgy	wishbone|hospice|demark|scat	159.79	0
InValid
978-0-557-19145-1	metallurgy	wishbone|hospice|demark|scat	159.79	0
InValid
InValid
978-0-557-19145-1	metallurgy	wishbone|hospice|demark|scat	159.79	0
InValid
InValid
InValid
InValid
InValid
InValid
978-1-5337-9534-2	Fraser	lingerie|Jura|foundation|pee	249.21	0
InValid
InValid
InValid
978-0-557-19145-1	metallurgy	wishbone|hospice|demark|scat	159.79	0
978-1-5337-9534-2	Fraser	lingerie|Jura|foundation|pee	249.21	0
InValid
InValid
InValid
978-1-5337-9534-2	Fraser	lingerie|Jura|foundation|pee	249.21	0
InValid
InValid
InValid
InValid
InValid
978-0-557-19145-1	metallurgy	wishbone|hospice|demark|scat	159.79	0
978-1-5337-9534-2	Fraser	lingerie|Jura|foundation|pee	249.21	0
InValid
InValid
InValid
InValid
978-0-557-19145-1	metallurgy	wishbone|hospice|demark|scat	159.79	0
978-1-5337-9534-2	Fraser	lingerie|Jura|foundation|pee	249.21	0
978-1-5337-9534-2	Fraser	lingerie|Jura|foundation|pee	249.21	0
InValid
InValid
InValid
978-1-5337-9534-2	Fraser	lingerie|Jura|foundation|pee	249.21	0
InValid
978-1-5337-9534-2	Fraser	lingerie|Jura|foundation|pee	249.21	0
978-0-557-19145-1	metallurgy	wishbone|hospice|demark|scat	159.79	0
InValid
978-1-5337-9534-2	Fraser	lingerie|Jura|foundation|pee	249.21	0
InValid
InValid
InValid
InValid
InValid
InValid
InValid
978-0-557-19145-1	metallurgy	wishbone|hospice|demark|scat	159.79	0
InValid
InValid
InValid
InValid
978-0-557-19145-1	metallurgy	wishbone|hospice|demark|scat	159.79	0
InValid
978-0-557-19145-1	metallurgy	wishbone|hospice|demark|scat	159.79	0
978-1-5337-9534-2	Fraser	lingerie|Jura|foundation|pee	249.21	0
978-0-557-19145-1	metallurgy	wishbone|hospice|demark|scat	159.79	0
InValid
InValid
978-0-557-19145-1	metallurgy	wishbone|hospice|demark|scat	159.79	0
InValid
InValid
InValid
InValid
InValid
InValid
978-0-557-19145-1	metallurgy	wishbone|hospice|demark|scat	159.79	0
978-1-5337-9534-2	Fraser	lingerie|Jura|foundation|pee	249.21	0
978-0-557-19145-1	metallurgy	wishbone|hospice|demark|scat	159.79	0
InValid
978-0-557-19145-1	metallurgy	wishbone|hospice|demark|scat	159.79	0
978-1-5337-9534-2	Fraser	lingerie|Jura|foundation|pee	249.21	0
978-0-557-19145-1	metallurgy	wishbone|hospice|demark|scat	159.79	0
978-1-5337-9534-2	Fraser	lingerie|Jura|foundation|pee	249.21	0
978-0-557-19145-1	metallurgy	wishbone|hospice|demark|scat	159.79	0
978-1-5337-9534-2	Fraser	lingerie|Jura|foundation|pee	249.21	0
InValid
InValid
InValid
InValid
InValid
InValid
InValid
978-1-5337-9534-2	Fraser	lingerie|Jura|foundation|pee	249.21	0
InValid
978-1-5337-9534-2	Fraser	lingerie|Jura|foundation|pee	249.21	0
978-0-557-19145-1	metallurgy	wishbone|hospice|demark|scat	159.79	0
InValid
InValid
978-0-557-19145-1	metallurgy	wishbone|hospice|demark|scat	159.79	0
InValid
978-1-5337-9534-2	Fraser	lingerie|Jura|foundation|pee	249.21	0
InValid
978-0-557-19145-1	metallurgy	wishbone|hospice|demark|scat	159.79	0
InValid
InValid
InValid
InValid
978-1-5337-9534-2	Fraser	lingerie|Jura|foundation|pee	249.21	0
978-0-557-19145-1	metallurgy	wishbone|hospice|demark|scat	159.79	0
InValid
InValid
InValid
InValid
InValid
InValid
InValid
InValid
InValid
InValid
978-0-557-19145-1	metallurgy	wishbone|hospice|demark|scat	159.79	0
InValid
InValid
InValid
InValid
978-0-557-19145-1	metallurgy	wishbone|hospice|demark|scat	159.79	0
978-1-5337-9534-2	Fraser	lingerie|Jura|foundation|pee	249.21	0
978-1-5337-9534-2	Fraser	lingerie|Jura|foundation|pee	249.21	0
InValid
InValid
InValid
InValid
978-1-5337-9534-2	Fraser	lingerie|Jura|foundation|pee	249.21	0
InValid
InValid
InValid
InValid
978-1-5337-9534-2	Fraser	lingerie|Jura|foundation|pee	249.21	0
InValid
978-1-5337-9534-2	Fraser	lingerie|Jura|foundation|pee	249.21	0
InValid
978-1-5337-9534-2	Fraser	lingerie|Jura|foundation|pee	249.21	0
InValid
978-0-557-19145-1	metallurgy	wishbone|hospice|demark|scat	159.79	0
978-1-5337-9534-2	Fraser	lingerie|Jura|foundation|pee	249.21	0
InValid
InValid
InValid
978-1-5337-9534-2	Fraser	lingerie|Jura|foundation|pee	249.21	0
InValid
InValid
InValid
978-1-5337-9534-2	Fraser	lingerie|Jura|foundation|pee	249.21	0
InValid
978-1-5337-9534-2	Fraser	lingerie|Jura|foundation|pee	249.21	0
InValid
InValid
InValid
InValid
978-0-557-19145-1	metallurgy	wishbone|hospice|demark|scat	159.79	0
978-0-557-19145-1	metallurgy	wishbone|hospice|demark|scat	159.79	0
InValid
978-0-557-19145-1	metallurgy	wishbone|hospice|demark|scat	159.79	0
InValid
978-1-5337-9534-2	Fraser	lingerie|Jura|foundation|pee	249.21	0
InValid
978-0-557-19145-1	metallurgy	wishbone|hospice|demark|scat	159.79	0
InValid
978-0-557-19145-1	metallurgy	wishbone|hospice|demark|scat	159.79	0
978-1-5337-9534-2	Fraser	lingerie|Jura|foundation|pee	249.21	0
InValid
InValid
InValid
InValid
978-0-557-19145-1	metallurgy	wishbone|hospice|demark|scat	159.79	0
978-1-5337-9534-2	Fraser	lingerie|Jura|foundation|pee	249.21	0
InValid
InValid
InValid
InValid
InValid
InValid
978-0-557-19145-1	metallurgy	wishbone|hospice|demark|scat	159.79	0
InValid
InValid
InValid
InValid
InValid
InValid
978-0-557-19145-1	metallurgy	wishbone|hospice|demark|scat	159.79	0
978-0-557-19145-1	metallurgy	wishbone|hospice|demark|scat	159.79	0
978-1-5337-9534-2	Fraser	lingerie|Jura|foundation|pee	249.21	0
InValid
978-0-557-19145-1	metallurgy	wishbone|hospice|demark|scat	159.79	0
978-0-557-19145-1	metallurgy	wishbone|hospice|demark|scat	159.79	0
InValid
InValid
InValid
InValid
978-0-557-19145-1	metallurgy	wishbone|hospice|demark|scat	159.79	0
978-1-5337-9534-2	Fraser	lingerie|Jura|foundation|pee	249.21	0
InValid
978-0-557-19145-1	metallurgy	wishbone|hospice|demark|scat	159.79	0
978-0-557-19145-1	metallurgy	wishbone|hospice|demark|scat	159.79	0
InValid
InValid
978-0-557-19145-1	metallurgy	wishbone|hospice|demark|scat	159.79	0
978-0-557-19145-1	metallurgy	wishbone|hospice|demark|scat	159.79	0
InValid
InValid
InValid
InValid
InValid
InValid
InValid
InValid
InValid
InValid
978-1-5337-9534-2	Fraser	lingerie|Jura|foundation|pee	249.21	0
InValid
978-1-5337-9534-2	Fraser	lingerie|Jura|foundation|pee	249.21	0
InValid
InValid
InValid
InValid
978-0-557-19145-1	metallurgy	wishbone|hospice|demark|scat	159.79	0
978-0-557-19145-1	metallurgy	wishbone|hospice|demark|scat	159.79	0
InValid
978-0-557-19145-1	metallurgy	wishbone|hospice|demark|scat	159.79	0
InValid
InValid
978-1-5337-9534-2	Fraser	lingerie|Jura|foundation|pee	249.21	0
InValid
978-0-557-19145-1	metallurgy	wishbone|hospice|demark|scat	159.79	0
978-0-557-19145-1	metallurgy	wishbone|hospice|demark|scat	159.79	0
InValid
InValid
InValid
InValid
978-0-557-19145-1	metallurgy	wishbone|hospice|demark|scat	159.79	0
InValid
InValid
InValid
978-0-557-19145-1	metallurgy	wishbone|hospice|demark|scat	159.79	0
978-1-5337-9534-2	Fraser	lingerie|Jura|foundation|pee	249.21	0
InValid
InValid
InValid
978-0-557-19145-1	metallurgy	wishbone|hospice|demark|scat	159.79	0
978-1-5337-9534-2	Fraser	lingerie|Jura|foundation|pee	249.21	0
InValid
InValid
InValid
InValid
InValid
InValid
InValid
InValid
InValid
InValid
InValid
InValid
978-0-557-19145-1	metallurgy	wishbone|hospice|demark|scat	159.79	0
978-1-5337-9534-2	Fraser	lingerie|Jura|foundation|pee	249.21	0
978-0-557-19145-1	metallurgy	wishbone|hospice|demark|scat	159.79	0
InValid
InValid
978-1-5337-9534-2	Fraser	lingerie|Jura|foundation|pee	249.21	0
InValid
978-0-557-19145-1	metallurgy	wishbone|hospice|demark|scat	159.79	0
978-1-5337-9534-2	Fraser	lingerie|Jura|foundation|pee	249.21	0
InValid
InValid
InValid
InValid
978-0-557-19145-1	metallurgy	wishbone|hospice|demark|scat	159.79	0
InValid
978-0-557-19145-1	metallurgy	wishbone|hospice|demark|scat	159.79	0
978-0-557-19145-1	metallurgy	wishbone|hospice|demark|scat	159.79	0
InValid
InValid
InValid
InValid
978-0-557-19145-1	metallurgy	wishbone|hospice|demark|scat	159.79	0
978-0-557-19145-1	metallurgy	wishbone|hospice|demark|scat	159.79	0
InValid
InValid
978-0-557-19145-1	metallurgy	wishbone|hospice|demark|scat	159.79	0
InValid
InValid
978-0-557-19145-1	metallurgy	wishbone|hospice|demark|scat	159.79	0
978-1-5337-9534-2	Fraser	lingerie|Jura|foundation|pee	249.21	0
InValid
InValid
978-0-557-19145-1	metallurgy	wishbone|hospice|demark|scat	159.79	0
978-1-5337-9534-2	Fraser	lingerie|Jura|foundation|pee	249.21	0
InValid
978-1-5337-9534-2	Fraser	lingerie|Jura|foundation|pee	249.21	0
InValid
InValid
InValid
InValid
InValid
InValid
InValid
InValid
978-0-557-19145-1	metallurgy	wishbone|hospice|demark|scat	159.79	0
978-0-557-19145-1	metallurgy	wishbone|hospice|demark|scat	159.79	0
978-1-5337-9534-2	Fraser	lingerie|Jura|foundation|pee	249.21	0
InValid
InValid
978-0-557-19145-1	metallurgy	wishbone|hospice|demark|scat	159.79	0
InValid
InValid
978-0-557-19145-1	metallurgy	wishbone|hospice|demark|scat	159.79	0
978-1-5337-9534-2	Fraser	lingerie|Jura|foundation|pee	249.21	0
InValid
978-0-557-19145-1	metallurgy	wishbone|hospice|demark|scat	159.79	0
InValid
978-1-5337-9534-2	Fraser	lingerie|Jura|foundation|pee	249.21	0
InValid
InValid
InValid
InValid
InValid
InValid
InValid
978-1-5337-9534-2	Fraser	lingerie|Jura|foundation|pee	249.21	0
InValid
InValid
InValid
978-0-557-19145-1	metallurgy	wishbone|hospice|demark|scat	159.79	0
978-1-5337-9534-2	Fraser	lingerie|Jura|foundation|pee	249.21	0
InValid
InValid
InValid
978-1-5337-9534-2	Fraser	lingerie|Jura|foundation|pee	249.21	0
InValid
InValid
978-0-557-19145-1	metallurgy	wishbone|hospice|demark|scat	159.79	0
InValid
InValid
978-0-557-19145-1	metallurgy	wishbone|hospice|demark|scat	159.79	0
978-1-5337-9534-2	Fraser	lingerie|Jura|foundation|pee	249.21	0
InValid
978-1-5337-9534-2	Fraser	lingerie|Jura|foundation|pee	249.21	0
978-0-557-19145-1	metallurgy	wishbone|hospice|demark|scat	159.79	0
978-1-5337-9534-2	Fraser	lingerie|Jura|foundation|pee	249.21	0
InValid
InValid
InValid
InValid
978-1-5337-9534-2	Fraser	lingerie|Jura|foundation|pee	249.21	0
978-0-557-19145-1	metallurgy	wishbone|hospice|demark|scat	159.79	0
978-0-557-19145-1	metallurgy	wishbone|hospice|demark|scat	159.79	0
978-1-5337-9534-2	Fraser	lingerie|Jura|foundation|pee	249.21	0
InValid
978-0-557-19145-1	metallurgy	wishbone|hospice|demark|scat	159.79	0
978-1-5337-9534-2	Fraser	lingerie|Jura|foundation|pee	249.21	0
978-0-557-19145-1	metallurgy	wishbone|hospice|demark|scat	159.79	0
InValid
InValid
978-0-557-19145-1	metallurgy	wishbone|hospice|demark|scat	159.79	0
InValid
978-0-557-19145-1	metallurgy	wishbone|hospice|demark|scat	159.79	0
978-1-5337-9534-2	Fraser	lingerie|Jura|foundation|pee	249.21	0
InValid
978-1-5337-9534-2	Fraser	lingerie|Jura|foundation|pee	249.21	0
InValid
978-0-557-19145-1	metallurgy	wishbone|hospice|demark|scat	159.79	0
978-1-5337-9534-2	Fraser	lingerie|Jura|foundation|pee	249.21	0
InValid
InValid
InValid
978-0-557-19145-1	metallurgy	wishbone|hospice|demark|scat	159.79	0
InValid
978-0-557-19145-1	metallurgy	wishbone|hospice|demark|scat	159.79	0
InValid
978-0-557-19145-1	metallurgy	wishbone|hospice|demark|scat	159.79	0
InValid
InValid
InValid
978-1-5337-9534-2	Fraser	lingerie|Jura|foundation|pee	249.21	0
InValid
978-1-5337-9534-2	Fraser	lingerie|Jura|foundation|pee	249.21	0
InValid
978-0-557-19145-1	metallurgy	wishbone|hospice|demark|scat	159.79	0
InValid
InValid
InValid
InValid
InValid
InValid
InValid
InValid
InValid
978-1-5337-9534-2	Fraser	lingerie|Jura|foundation|pee	249.21	0
InValid
InValid
InValid
978-0-557-19145-1	metallurgy	wishbone|hospice|demark|scat	159.79	0
978-1-5337-9534-2	Fraser	lingerie|Jura|foundation|pee	249.21	0
978-0-557-19145-1	metallurgy	wishbone|hospice|demark|scat	159.79	0
InValid
InValid
InValid
InValid
978-0-557-19145-1	metallurgy	wishbone|hospice|demark|scat	159.79	0
InValid
978-0-557-19145-1	metallurgy	wishbone|hospice|demark|scat	159.79	0
978-1-5337-9534-2	Fraser	lingerie|Jura|foundation|pee	249.21	0
InValid
InValid
978-1-5337-9534-2	Fraser	lingerie|Jura|foundation|pee	249.21	0
978-0-557-19145-1	metallurgy	wishbone|hospice|demark|scat	159.79	0
InValid
978-0-557-19145-1	metallurgy	wishbone|hospice|demark|scat	159.79	0
978-1-5337-9534-2	Fraser	lingerie|Jura|foundation|pee	249.21	0
InValid
978-1-5337-9534-2	Fraser	lingerie|Jura|foundation|pee	249.21	0
978-1-5337-9534-2	Fraser	lingerie|Jura|foundation|pee	249.21	0
InValid
InValid
InValid
978-1-5337-9534-2	Fraser	lingerie|Jura|foundation|pee	249.21	0
978-0-557-19145-1	metallurgy	wishbone|hospice|demark|scat	159.79	0
978-1-5337-9534-2	Fraser	lingerie|Jura|foundation|pee	249.21	0
InValid
InValid
InValid
InValid
InValid
InValid
InValid
978-1-5337-9534-2	Fraser	lingerie|Jura|foundation|pee	249.21	0
InValid
978-0-557-19145-1	metallurgy	wishbone|hospice|demark|scat	159.79	0
978-1-5337-9534-2	Fraser	lingerie|Jura|foundation|pee	249.21	0
978-1-5337-9534-2	Fraser	lingerie|Jura|foundation|pee	249.21	0
978-1-5337-9534-2	Fraser	lingerie|Jura|foundation|pee	249.21	0
InValid
InValid
InValid
InValid
978-0-557-19145-1	metallurgy	wishbone|hospice|demark|scat	159.79	0
978-1-5337-9534-2	Fraser	lingerie|Jura|foundation|pee	249.21	0
978-1-5337-9534-2	Fraser	lingerie|Jura|foundation|pee	249.21	0
InValid
InValid
InValid
InValid
InValid
InValid
InValid
InValid
InValid
InValid
InValid
978-1-5337-9534-2	Fraser	lingerie|Jura|foundation|pee	249.21	0
InValid
InValid
InValid
978-1-5337-9534-2	Fraser	lingerie|Jura|foundation|pee	249.21	0
978-1-5337-9534-2	Fraser	lingerie|Jura|foundation|pee	249.21	0
InValid
InValid
InValid
InValid
InValid
InValid
InValid
InValid
InValid
InValid
InValid
978-1-5337-9534-2	Fraser	lingerie|Jura|foundation|pee	249.21	0
InValid
InValid
978-1-5337-9534-2	Fraser	lingerie|Jura|foundation|pee	249.21	0
978-0-557-19145-1	metallurgy	wishbone|hospice|demark|scat	159.79	0
978-1-5337-9534-2	Fraser	lingerie|Jura|foundation|pee	249.21	0
InValid
978-1-5337-9534-2	Fraser	lingerie|Jura|foundation|pee	249.21	0
InValid
InValid
InValid
InValid
978-0-557-19145-1	metallurgy	wishbone|hospice|demark|scat	159.79	0
InValid
978-1-5337-9534-2	Fraser	lingerie|Jura|foundation|pee	249.21	0
InValid
InValid
978-0-557-19145-1	metallurgy	wishbone|hospice|demark|scat	159.79	0
InValid
InValid
InValid
InValid
InValid
978-0-557-19145-1	metallurgy	wishbone|hospice|demark|scat	159.79	0
978-1-5337-9534-2	Fraser	lingerie|Jura|foundation|pee	249.21	0
978-0-557-19145-1	metallurgy	wishbone|hospice|demark|scat	159.79	0
InValid
InValid
InValid
InValid
InValid
978-0-557-19145-1	metallurgy	wishbone|hospice|demark|scat	159.79	0
InValid
InValid
InValid
InValid
InValid
InValid
InValid
978-1-5337-9534-2	Fraser	lingerie|Jura|foundation|pee	249.21	0
InValid
978-1-5337-9534-2	Fraser	lingerie|Jura|foundation|pee	249.21	0
InValid
InValid
978-0-557-19145-1	metallurgy	wishbone|hospice|demark|scat	159.79	0
InValid
InValid
978-0-557-19145-1	metallurgy	wishbone|hospice|demark|scat	159.79	0
978-0-557-19145-1	metallurgy	wishbone|hospice|demark|scat	159.79	0
978-1-5337-9534-2	Fraser	lingerie|Jura|foundation|pee	249.21	0
InValid
InValid
InValid
InValid
InValid
InValid
InValid
InValid
InValid
InValid
978-0-557-19145-1	metallurgy	wishbone|hospice|demark|scat	159.79	0
InValid
InValid
InValid
InValid
InValid
InValid
InValid
InValid
InValid
InValid
InValid
978-0-557-19145-1	metallurgy	wishbone|hospice|demark|scat	159.79	0
InValid
978-0-557-19145-1	metallurgy	wishbone|hospice|demark|scat	159.79	0
InValid
978-0-557-19145-1	metallurgy	wishbone|hospice|demark|scat	159.79	0
InValid
InValid
InValid
InValid
978-0-557-19145-1	metallurgy	wishbone|hospice|demark|scat	159.79	0
InValid
InValid
InValid
InValid
InValid
978-0-557-19145-1	metallurgy	wishbone|hospice|demark|scat	159.79	0
InValid
InValid
InValid
InValid
InValid
InValid
InValid
InValid
InValid
InValid
InValid
InValid
InValid
978-0-557-19145-1	metallurgy	wishbone|hospice|demark|scat	159.79	0
InValid
978-0-557-19145-1	metallurgy	wishbone|hospice|demark|scat	159.79	0
978-1-5337-9534-2	Fraser	lingerie|Jura|foundation|pee	249.21	0
978-0-557-19145-1	metallurgy	wishbone|hospice|demark|scat	159.79	0
InValid
InValid
978-1-5337-9534-2	Fraser	lingerie|Jura|foundation|pee	249.21	0
InValid
InValid
978-0-557-19145-1	metallurgy	wishbone|hospice|demark|scat	159.79	0
InValid
InValid
978-1-5337-9534-2	Fraser	lingerie|Jura|foundation|pee	249.21	0
InValid
InValid
InValid
InValid
978-0-557-19145-1	metallurgy	wishbone|hospice|demark|scat	159.79	0
978-1-5337-9534-2	Fraser	lingerie|Jura|foundation|pee	249.21	0
InValid
InValid
InValid
InValid
978-1-5337-9534-2	Fraser	lingerie|Jura|foundation|pee	249.21	0
InValid
InValid
978-0-557-19145-1	metallurgy	wishbone|hospice|demark|scat	159.79	0
978-0-557-19145-1	metallurgy	wishbone|hospice|demark|scat	159.79	0
978-0-557-19145-1	metallurgy	wishbone|hospice|demark|scat	159.79	0
978-1-5337-9534-2	Fraser	lingerie|Jura|foundation|pee	249.21	0
InValid
978-0-557-19145-1	metallurgy	wishbone|hospice|demark|scat	159.79	0
978-0-557-19145-1	metallurgy	wishbone|hospice|demark|scat	159.79	0
978-1-5337-9534-2	Fraser	lingerie|Jura|foundation|pee	249.21	0
InValid
InValid
InValid
InValid
978-0-557-19145-1	metallurgy	wishbone|hospice|demark|scat	159.79	0
978-0-557-19145-1	metallurgy	wishbone|hospice|demark|scat	159.79	0
978-1-5337-9534-2	Fraser	lingerie|Jura|foundation|pee	249.21	0
InValid
InValid
978-1-5337-9534-2	Fraser	lingerie|Jura|foundation|pee	249.21	0
978-1-5337-9534-2	Fraser	lingerie|Jura|foundation|pee	249.21	0
978-1-5337-9534-2	Fraser	lingerie|Jura|foundation|pee	249.21	0
978-0-557-19145-1	metallurgy	wishbone|hospice|demark|scat	159.79	0
978-1-5337-9534-2	Fraser	lingerie|Jura|foundation|pee	249.21	0
InValid
978-0-557-19145-1	metallurgy	wishbone|hospice|demark|scat	159.79	0
978-1-5337-9534-2	Fraser	lingerie|Jura|foundation|pee	249.21	0
978-0-557-19145-1	metallurgy	wishbone|hospice|demark|scat	159.79	0
978-0-557-19145-1	metallurgy	wishbone|hospice|demark|scat	159.79	0
978-1-5337-9534-2	Fraser	lingerie|Jura|foundation|pee	249.21	0
978-0-557-19145-1	metallurgy	wishbone|hospice|demark|scat	159.79	0
InValid
InValid
InValid
978-0-557-19145-1	metallurgy	wishbone|hospice|demark|scat	159.79	0
InValid
InValid
InValid
InValid
InValid
InValid
InValid
InValid
InValid
978-0-557-19145-1	metallurgy	wishbone|hospice|demark|scat	159.79	0
InValid
InValid
978-0-557-19145-1	metallurgy	wishbone|hospice|demark|scat	159.79	0
InValid
InValid
InValid
InValid
978-0-557-19145-1	metallurgy	wishbone|hospice|demark|scat	159.79	0
InValid
InValid
978-0-557-19145-1	metallurgy	wishbone|hospice|demark|scat	159.79	0
978-1-5337-9534-2	Fraser	lingerie|Jura|foundation|pee	249.21	0
InValid
InValid
InValid
InValid
InValid
978-0-557-19145-1	metallurgy	wishbone|hospice|demark|scat	159.79	0
978-1-5337-9534-2	Fraser	lingerie|Jura|foundation|pee	249.21	0
978-1-5337-9534-2	Fraser	lingerie|Jura|foundation|pee	249.21	0
InValid
InValid
InValid
InValid
InValid
InValid
InValid
InValid
InValid
978-0-557-19145-1	metallurgy	wishbone|hospice|demark|scat	159.79	0
978-1-5337-9534-2	Fraser	lingerie|Jura|foundation|pee	249.21	0
InValid
InValid
InValid
978-0-557-19145-1	metallurgy	wishbone|hospice|demark|scat	159.79	0
InValid
InValid
InValid
978-0-557-19145-1	metallurgy	wishbone|hospice|demark|scat	159.79	0
InValid
InValid
978-0-557-19145-1	metallurgy	wishbone|hospice|demark|scat	159.79	0
978-0-557-19145-1	metallurgy	wishbone|hospice|demark|scat	159.79	0
978-1-5337-9534-2	Fraser	lingerie|Jura|foundation|pee	249.21	0
InValid
InValid
InValid
InValid
InValid
978-0-557-19145-1	metallurgy	wishbone|hospice|demark|scat	159.79	0
978-1-5337-9534-2	Fraser	lingerie|Jura|foundation|pee	249.21	0
InValid
978-1-5337-9534-2	Fraser	lingerie|Jura|foundation|pee	249.21	0
InValid
978-1-5337-9534-2	Fraser	lingerie|Jura|foundation|pee	249.21	0
978-0-557-19145-1	metallurgy	wishbone|hospice|demark|scat	159.79	0
978-0-557-19145-1	metallurgy	wishbone|hospice|demark|scat	159.79	0
978-0-557-19145-1	metallurgy	wishbone|hospice|demark|scat	159.79	0
InValid
InValid
978-0-557-19145-1	metallurgy	wishbone|hospice|demark|scat	159.79	0
InValid
InValid
InValid
978-0-557-19145-1	metallurgy	wishbone|hospice|demark|scat	159.79	0
978-1-5337-9534-2	Fraser	lingerie|Jura|foundation|pee	249.21	0
978-0-557-19145-1	metallurgy	wishbone|hospice|demark|scat	159.79	0
InValid
InValid
978-1-5337-9534-2	Fraser	lingerie|Jura|foundation|pee	249.21	0
InValid
InValid
978-1-5337-9534-2	Fraser	lingerie|Jura|foundation|pee	249.21	0
InValid
InValid
InValid
InValid
InValid
InValid
978-0-557-19145-1	metallurgy	wishbone|hospice|demark|scat	159.79	0
978-1-5337-9534-2	Fraser	lingerie|Jura|foundation|pee	249.21	0
InValid
InValid
978-0-557-19145-1	metallurgy	wishbone|hospice|demark|scat	159.79	0
978-1-5337-9534-2	Fraser	lingerie|Jura|foundation|pee	249.21	0
978-0-557-19145-1	metallurgy	wishbone|hospice|demark|scat	159.79	0
InValid
InValid
978-0-557-19145-1	metallurgy	wishbone|hospice|demark|scat	159.79	0
978-1-5337-9534-2	Fraser	lingerie|Jura|foundation|pee	249.21	0
InValid
InValid
InValid
InValid
InValid
InValid
978-1-5337-9534-2	Fraser	lingerie|Jura|foundation|pee	249.21	0
InValid
InValid
InValid
InValid
978-0-557-19145-1	metallurgy	wishbone|hospice|demark|scat	159.79	0
InValid
InValid
InValid
InValid
978-0-557-19145-1	metallurgy	wishbone|hospice|demark|scat	159.79	0
InValid
InValid
978-0-557-19145-1	metallurgy	wishbone|hospice|demark|scat	159.79	0
978-1-5337-9534-2	Fraser	lingerie|Jura|foundation|pee	249.21	0
978-0-557-19145-1	metallurgy	wishbone|hospice|demark|scat	159.79	0
978-1-5337-9534-2	Fraser	lingerie|Jura|foundation|pee	249.21	0
InValid
InValid
978-1-5337-9534-2	Fraser	lingerie|Jura|foundation|pee	249.21	0
InValid
978-1-5337-9534-2	Fraser	lingerie|Jura|foundation|pee	249.21	0
InValid
InValid
InValid
InValid
InValid
InValid
978-0-557-19145-1	metallurgy	wishbone|hospice|demark|scat	159.79	0
978-1-5337-9534-2	Fraser	lingerie|Jura|foundation|pee	249.21	0
InValid
InValid
978-1-5337-9534-2	Fraser	lingerie|Jura|foundation|pee	249.21	0
InValid
InValid
InValid
InValid
InValid
InValid
